Address:   10.10.10.0           00001010.00001010.00001010.00000 000
Netmask:   255.255.255.248 = 29 11111111.11111111.11111111.11111 000
Wildcard:  0.0.0.7              00000000.00000000.00000000.00000 111
=>
Network:   10.10.10.0/29        00001010.00001010.00001010.00000 000
HostMin:   10.10.10.1           00001010.00001010.00001010.00000 001
HostMax:   10.10.10.6           00001010.00001010.00001010.00000 110
Broadcast: 10.10.10.7           00001010.00001010.00001010.00000 111
Hosts/Net: 6                     Class A, Private Internet

